[-2.1733297e-02 -6.2248367e-04  7.7665377e-01]
[0.5867761  0.37632856 0.9141134 ]
[-0.9049513 -0.3698715  0.6675164]
[0.59569055 0.15131764 0.7351846 ]
[-0.6933575  -0.48048964  0.28628504]
[ 0.27497295 -0.0496641   0.15580906]
[-0.4599694  -0.20244662 -0.6899634 ]
[ 0.42361146  0.23867622 -0.6983265 ]
[-0.5542884  -0.01702556 -0.644138  ]
[0.0870079  0.61868644 0.34126392]
[0.27551425 1.         0.8706823 ]
[-0.8126984  1.        -1.       ]
[0.39455962 0.74382925 0.08527531]
[-0.26347625  0.7330592  -0.8752825 ]
[-0.29681087  0.780508   -0.8652911 ]
[-0.04149525  1.         -0.85457915]
[-0.01705837  0.61190796 -0.89141816]
[ 0.13625975 -0.97014517 -1.        ]
[-0.2563816   0.07140465 -1.        ]
[-0.14265896  0.12322792 -0.9150334 ]
[ 0.1389217  -0.9481963  -0.86045873]
[ 0.23395762 -0.9587549  -0.8906635 ]
[ 0.337646  -1.        -0.9920856]
[ 0.75682503 -1.         -1.        ]
[ 0.9375557  -1.         -0.84748536]
[ 0.62550485 -0.9396883  -0.7520412 ]
[ 0.98642874 -0.95815456 -0.9853765 ]
[ 0.78707206 -0.9682234  -1.        ]
[ 0.9306878 -0.7177223 -1.       ]
[ 0.88999015 -0.2857493  -1.        ]
[ 0.71931535  0.18362845 -0.9038483 ]
[ 0.31975365 -0.02286913 -0.98252535]
[-0.69285655  0.39668608 -1.        ]
[-0.6302858  0.5922916 -0.5078387]
[-1.          0.8703337   0.65012574]
[-0.7216335   0.69725597 -0.831244  ]
[-0.32210535  0.86743265 -1.        ]
[-0.5647336  0.7366146 -1.       ]
[-0.4044077  1.        -0.9342829]
[-0.16362783  0.5519874  -1.        ]
[-0.16750151  0.83761406 -0.8147431 ]
[ 0.05106839  1.         -0.67589265]
[-0.53016007 -0.94489557 -0.87097687]
[ 0.90173674  0.93011    -0.29441464]
[ 0.4690529  -0.80180097 -0.48988065]
[ 1.         -0.40715837  0.60338086]
[ 0.2503649  -0.19328886  0.5761046 ]
[-0.01918308  0.02310325  0.99136424]
[0.24489228 0.34106112 0.47173408]
[0.7298903  0.3527195  0.39422065]
[0.796734   0.34273854 0.25304425]
[ 0.56170976 -0.3201807   0.31409502]
[0.22605097 0.19653024 0.13594498]
[ 0.14193143 -0.0209512   0.30429935]
[-0.14422701  0.05509293  0.20491226]
[-0.19170809  0.14425726  0.39870548]
[-0.01443174 -0.00626028  0.58209467]
[-0.35969606  0.0865104   0.70434386]
[0.10358824 0.2739178  0.5227327 ]
[-0.17381367 -0.09790087  0.84394705]
[-0.25300857  0.06982005  0.8367378 ]
[-0.22695331 -0.16975272  1.        ]
[-0.29032788  0.34275725  0.9650567 ]
[ 0.00826305 -0.5805114   0.890239  ]
[ 0.11990975 -0.3493719   0.8459365 ]
[0.85335255 0.21380436 0.9101855 ]
[0.58144784 0.29298043 1.        ]
[ 0.39256522 -0.34288034  0.867358  ]
[ 0.05398706 -0.9552023   0.9694944 ]
[-0.14150818 -0.41563183 -0.49656257]
[-4.7598247e-04  6.7793268e-01  7.8901303e-01]
[-0.33882084  0.4986786   1.        ]
[-0.67888004  0.7224071   1.        ]
[-0.134888    0.58614254  0.94604486]
[0.02103611 0.38854706 1.        ]
[-0.12257567 -0.39924482  1.        ]
[0.04346129 0.40276113 0.9847508 ]
[-0.09450843 -0.01928097  1.        ]
[-0.2955615  0.142875   1.       ]
[-0.25542706  0.5283276   1.        ]
[ 0.23575126 -0.27058345  0.9065412 ]
[0.09935966 0.19265042 1.        ]
[-0.02201625 -0.32436132  0.9898474 ]
[0.09925298 0.39259887 1.        ]
[ 0.19463123 -0.47966215  0.950845  ]
[-0.0041506   0.19060251  0.99001116]
[-0.296908   -0.31906086  1.        ]
[0.1224188 0.0385123 1.       ]
[-0.13872418 -0.2616432   0.9701067 ]
[0.1250136  0.01358443 0.82419693]
[0.16634282 0.22282553 0.73751765]
[-0.03950971  0.22785911  0.09330548]
[ 0.18366282  0.38819787 -0.60677934]
[-0.02177564  0.41814402 -0.8260243 ]
[ 0.3233194   0.28059965 -1.        ]
[ 0.44859847  0.36907268 -0.40962356]
[ 0.11292636  0.83364093 -0.01732757]
[-0.25898322  1.         -0.10753097]
[ 0.04487628  0.9620995  -0.09081007]
[-0.2641745  0.9812356  0.3779649]
[-0.08098045  1.         -0.10314897]
[0.9230954  1.         0.43535927]
[-0.4693343   1.         -0.92869455]
[-0.02807198  1.         -1.        ]
[-0.79793596  0.6847812  -0.86813396]
[-0.66279286  0.3377873  -1.        ]
[-0.12693755  0.29224145 -0.8708422 ]
[-0.337547    0.11470773 -1.        ]
[ 0.246201   -0.71981514 -1.        ]
[ 0.42736858 -1.         -0.9503981 ]
[ 0.3791443 -1.        -1.       ]
[ 0.6192533 -0.8424381 -1.       ]
[ 0.8919021 -0.8426324 -0.7735708]
[ 0.7271078 -1.        -0.8654394]
[ 0.7859151  -0.99433005 -1.        ]
[ 0.77673054 -1.         -0.94811887]
[ 0.701443  -1.        -0.8029041]
[ 0.65062267 -0.5762823  -0.9354421 ]
[ 0.84961915 -0.09279149 -0.92124325]
[ 0.4341128  0.4606762 -1.       ]
[-0.7249695  -0.02195712 -1.        ]
[-0.72300965  0.8027184  -1.        ]
[-0.75334525  0.7474692  -0.3515953 ]
[-1.         0.9572639  1.       ]
[-0.9484548   0.10619787  0.04169062]
[-0.26890197  0.9299765  -0.8016407 ]
[-0.45244867 -0.19372219 -0.83518755]
[-0.05987651  0.21577354 -0.93299913]
[ 0.37282565  0.7588038  -0.86935574]
[ 0.22496575  0.7176998  -0.82910126]
[ 0.42454937  0.5564373  -0.21747021]
[ 0.29617843  0.23855358 -0.01352191]
[0.6230349  0.10853039 0.09779514]
[0.85828125 0.25843024 0.2831434 ]
[0.8108765  0.19699855 0.4571806 ]
[0.937357   0.40527514 0.7516559 ]
[0.655768   0.02594389 0.17250428]
[0.84337276 0.3921209  0.38070488]
[ 0.9253352  -0.12308238 -0.00233858]
[ 0.80672616 -0.07993657  0.46836218]
[0.7270799  0.02699246 0.3339896 ]
[ 0.59377176 -0.10938587  0.35249355]
[ 0.1315908  -0.07520464  0.27170572]
[-0.20737779  0.22196305  0.35770637]
[-0.11819246  0.15488228  0.2868967 ]
[-0.14616425  0.05921077  0.14540006]
[-0.20305626  0.00939969  0.08673397]
[-0.10993353  0.22156096  0.19944255]
[-0.13332039 -0.20046026  0.26319206]
[-0.45179215  0.08801405  0.43395966]
[-0.02566251  0.21985945  0.65133953]
[ 0.05261965 -0.26717815  0.72625595]
[0.2906533  0.14921205 1.        ]
[ 0.13945131 -0.17586848  0.90403175]
[-0.17405713  0.19874564  0.9024844 ]
[-0.14650778 -0.4206308   0.9652249 ]
[0.5342665  0.20567134 1.        ]
[0.7975195  0.24888396 1.        ]
[ 0.35382178 -0.01159973  1.        ]
[ 0.10344683 -0.8448253   0.8273346 ]
[-0.7055608 -0.4511462 -0.8892092]
[0.15978996 0.86725605 0.59813404]
[-0.7412673   0.72901565  0.9652797 ]
[-0.44910893  0.77441597  1.        ]
[-0.11194182  0.16729045  1.        ]
[ 0.00251448 -0.05938074  1.        ]
[-0.36398733  0.22932161  0.9691197 ]
[0.07301982 0.16679324 1.        ]
[ 0.14647947 -0.25017503  0.9964439 ]
[0.11800582 0.12940305 1.        ]
[ 0.12149202 -0.2296993   0.9068348 ]
[0.06604272 0.33151022 0.95663154]
[-0.42868307 -0.40304843  0.9969253 ]
[0.25598696 0.17288059 0.8198664 ]
[-0.28638014 -0.16504931  0.752481  ]
[0.23951532 0.30238265 0.6129172 ]
[-0.24842806 -0.20882834  0.4563727 ]
[0.3556235  0.20346658 0.42254964]
[ 0.08044759  0.55577755 -0.9048491 ]
[ 0.33481055  0.57564116 -1.        ]
[ 0.3675142   0.8278616  -0.97217387]
[-0.15529875  0.8156065  -0.5853933 ]
[0.4459916 1.        0.2241985]
[-0.06143563  1.         -0.5755658 ]
[0.01716187 0.96826434 0.8134795 ]
[-0.53243995  0.9736431  -1.        ]
[-0.41587293  1.         -0.9505288 ]
[-0.3384423   0.9895082  -0.91115034]
[-0.4650259  0.9806468 -1.       ]
[-0.19928196  1.         -1.        ]
[-0.38750392  0.0933695  -0.80201536]
[-0.23606299 -0.14397983 -0.85119957]
[ 0.50275856 -0.9069532  -0.9827662 ]
[ 0.4770675  -0.93121785 -0.76767004]
[ 0.68023086 -1.         -1.        ]
[ 0.9347718  -0.83653724 -1.        ]
[ 0.7698616  -0.95507103 -0.9555592 ]
[ 0.73194927 -0.9108763  -1.        ]
[ 0.75232476 -0.99909526 -0.9904112 ]
[ 0.7142293 -0.9130024 -0.7472722]
[ 0.7912859  -0.70410556 -1.        ]
[ 0.8862131  -0.35156834 -0.9279745 ]
[ 0.6510242   0.16707113 -0.9279142 ]
[ 0.12355898  0.20460947 -0.97954035]
[-0.0774727   0.26268908 -1.        ]
[-0.23774739  0.46166304 -1.        ]
[-0.7959143  0.7236599  0.3431322]
[-0.8953652  0.4170108  0.9352034]
[-0.84110665  0.74017185 -0.05709333]
[-0.2533376   0.48121163 -0.92506355]
[ 0.24542972  1.         -0.98347306]
[-0.0640444   0.47040424 -0.81533843]
[ 0.2639409   0.15999143 -0.8609399 ]
[ 0.95857906  0.66512656 -0.86794055]
[ 0.75940615  0.70940655 -0.48976725]
[ 0.6278489   0.39478523 -0.21523823]
[ 0.46704713 -0.22176366 -0.3129105 ]
[0.55299497 0.10580411 0.33304152]
[ 0.49050677 -0.44762725  0.41535488]
[ 0.63443875  0.38155204 -0.09484771]
[0.5693313  0.02883163 0.6490741 ]
[0.24764481 0.17912567 0.15366726]
[0.12323257 0.14899811 0.9239392 ]
[ 0.2689661  -0.01089804  0.6996808 ]
[0.41784433 0.0548395  0.67586386]
[0.52415895 0.11705295 0.56791496]
[ 0.23931757 -0.14113627  0.77968556]
[ 0.11916353 -0.00500831  0.6006461 ]
[-0.01394532 -0.19588038  0.7256478 ]
[ 0.08038866 -0.2642292   0.95249903]
[ 0.03496277 -0.11852268  0.8982616 ]
[-0.16592914 -0.08309456  1.        ]
[-0.25708404 -0.10094234  1.        ]
[ 0.00501716 -0.0607239   0.94202787]
[0.09133787 0.14257468 1.        ]
[0.19626775 0.27448022 0.9825197 ]
[0.5146081  0.08165849 1.        ]
[0.6948172  0.09293979 0.9998396 ]
[-0.4085021  -0.45979258  0.05781827]
[ 0.11959909 -0.2752724  -0.9277203 ]
[-0.0375718   0.06462041 -0.08048889]
[0.16860917 0.84531456 0.5379753 ]
[-0.60322386  0.9030355   1.        ]
[-0.40789998  1.          0.8053423 ]
[-0.06637645 -0.27387115  0.9855324 ]
[0.36420593 0.00246551 1.        ]
[ 0.03270531 -0.7313838   0.8644216 ]
[0.42347234 0.0444677  0.9692617 ]
[-0.07241299 -0.56614125  0.8882434 ]
[0.08229659 0.05005963 0.92807823]
[-0.14406009 -0.3559182   0.27840343]
[ 0.08462277 -0.32718927  0.40675005]
[ 0.21785647 -0.27825537  0.23963961]
[ 0.01959858 -0.08835304  0.30489674]
[-0.1409318   0.01081561  0.34353247]
[0.13504636 0.24634254 0.15042013]
[-0.26628795  0.00120618 -0.01724849]
[ 0.20525424  0.34883446 -0.01214731]
[-0.3002327  -0.01645672 -0.352313  ]
[ 0.34169543  0.50501317 -0.03108591]
[-0.80105096  0.21548519 -0.17976035]
[0.521925   0.74776393 0.5275807 ]
[-0.93572754 -0.35157657  0.24673796]
[ 0.53123397  0.19968124 -0.04204179]
[-0.7491742  -0.04940058 -0.5673132 ]
[ 0.11550871  0.35907245 -0.9052499 ]
[-0.6430516   0.75842494 -0.76326734]
[-0.21593362  0.273269    0.33125433]
[0.17905709 1.         0.94922984]
[-0.5724759  1.        -0.9040384]
[-0.7180537  -0.07192765 -1.        ]
[ 0.0153439  1.        -1.       ]
[-0.05166314 -1.         -0.8872971 ]
[ 0.7471988  -1.         -0.95361006]
[ 0.5999174 -1.        -1.       ]
[-0.0581183  -0.02720552 -0.7165631 ]
[ 0.29781628 -0.43390962 -1.        ]
[ 0.6506616 -0.8876346 -0.9100177]
[ 0.6137718  -0.93743134 -0.9306834 ]
[ 0.71703017 -0.92727774 -1.        ]
[ 0.8579858  -0.9610907  -0.72201437]
[ 0.7472815  -0.97658473 -0.6295962 ]
[ 0.6826539  -0.9597701  -0.86315584]
[ 0.44884408 -0.9128957  -1.        ]
[ 0.6590928  -0.89073324 -1.        ]
[ 0.94689715 -0.68793905 -1.        ]
[ 0.81242764 -0.2835752  -1.        ]
[ 0.36643097  0.24325071 -1.        ]
[-0.0615887   0.20456031 -1.        ]
[-0.29192019  0.35095438 -0.7598385 ]
[-0.6301441   0.39911494 -0.39207834]
[-1.        -0.0160999  0.7048946]
[-0.3639963  1.        -0.6174458]
[-0.49806872  0.48483804 -0.79847455]
[ 0.02010848  1.         -1.        ]
[ 0.10636666  1.         -1.        ]
[ 0.11223181  0.22446565 -0.9151034 ]
[ 0.75632983  0.58062375 -0.88678485]
[ 0.7156259   0.96263176 -0.7936555 ]
[ 0.68518394  0.5497955  -0.57481056]
[ 0.64966834  0.09832962 -0.7840346 ]
[ 0.75688356  0.18752109 -0.5983919 ]
[ 0.8945551  -0.65712976 -0.05071636]
[0.8020206 0.5619178 0.4406591]
[ 0.732738  -0.6933546  0.73659  ]
[0.8020739  0.29714218 0.13636841]
[0.7635429  0.53572947 0.39640865]
[ 0.50776064 -0.5481969   1.        ]
[0.77377903 0.2268179  0.46487904]
[ 0.91074646 -0.02563706  0.6057278 ]
[0.8897313  0.0157392  0.60009205]
[0.55247694 0.08579343 0.60104007]
[ 0.57272756 -0.11918569  0.91811985]
[ 0.6781888  -0.34131223  0.8030894 ]
[ 0.33223814 -0.08897594  0.79791063]
[0.3039428 0.0173945 0.9252752]
[ 0.30894238 -0.2378626   0.8799189 ]
[ 0.29349586 -0.21127336  0.84632385]
[ 0.07971674 -0.05545354  0.8434278 ]
[-0.03750365  0.03188554  0.93042076]
[0.45457152 0.40493432 0.8959685 ]
[0.6480953  0.0563518  0.95998806]
[ 0.500084   -0.25778365  0.91164654]
[0.3589042  0.29419366 1.        ]
[ 0.5005152  -0.4396817   0.43758962]
[0.6846327  0.32125524 0.5007285 ]
[0.9069975 0.9028052 0.456912 ]
[0.41261145 0.9882974  0.8868196 ]
[-0.39028466  0.35475793  1.        ]
[-0.14942597 -0.08870868  1.        ]
[-0.11581192 -0.30342308  1.        ]
[0.47784042 0.0560572  0.9163816 ]
[ 0.03234299 -0.6828929   0.8583773 ]
[ 0.260839   -0.22418296  0.9658148 ]
[-0.14948064 -0.4793738   0.78392017]
[ 0.16130297 -0.5974248   0.6014114 ]
[-0.11436731 -0.0995805   0.7224374 ]
[-0.15768707  0.18980211  0.84607846]
[0.09012354 0.58325386 0.7697355 ]
[-0.16426998 -0.29496962  0.670886  ]
[-0.09773558  0.10997923  0.53259087]
[0.02725083 0.22410174 0.44264817]
[-0.2509612  -0.09799731  0.1879844 ]
[0.05497507 0.27754417 0.3030754 ]
[-0.06800479 -0.2112722   0.08534457]
[0.03642582 0.1735122  0.04819017]
[-0.21768     0.34443837  0.21113545]
[-0.01320471  0.39355     0.23820475]
[-0.31636056  0.37144998  0.05329838]
[0.06149661 0.33634117 0.21641849]
[-0.41221514 -0.02844843  0.1755999 ]
[ 0.4693621   0.64029163 -0.41194054]
[-0.5576326   0.505173   -0.10069463]
[-0.22841485  0.20979255  0.01975603]
[-0.15223469  0.43421388 -1.        ]
[-0.85478354  0.8432951  -0.97696066]
[-0.55341476  0.56133574  0.28179222]
[-0.657157   -0.7832937  -0.87558305]
[ 0.3601241   0.85808176 -1.        ]
[-0.07760737 -0.94718504 -1.        ]
[ 0.5963656 -1.        -0.9888685]
[ 0.4753004 -0.9773055 -1.       ]
[ 0.20887247 -0.9400916  -1.        ]
[ 0.32925916 -0.73321676 -0.8280122 ]
[ 0.72460645 -0.9299186  -1.        ]
[ 0.7340298 -0.9733701 -0.801867 ]
[ 0.3417055  -0.89734125 -0.9467875 ]
[ 0.7142906  -1.         -0.81507677]
[ 0.6823505  -0.85424066 -0.70646906]
[ 0.963113  -1.        -0.7932752]
[ 0.6019414  -0.85681486 -0.8315693 ]
[ 0.50499344 -1.         -0.9748815 ]
[ 0.60670435 -1.         -0.9429625 ]
[ 0.6346913  -0.6080758  -0.89753723]
[ 0.9182375   0.13019557 -1.        ]
[ 0.19078968  0.5205457  -1.        ]
[-0.27690232  0.6400582  -0.9032817 ]
[-0.8765848   0.03705673  0.00164512]
[-0.84324056  1.          0.14452706]
[-0.23344105  0.72137976 -0.7542652 ]
[-0.38006753  0.65301645 -0.95127654]
[-0.7451497   0.25572923 -1.        ]
[ 0.10396272  0.81109756 -1.        ]
[ 0.41850814  0.81768876 -1.        ]
[ 0.30058873  0.83657235 -0.9112311 ]
[ 0.29533023  0.71039724 -0.7001085 ]
[-0.15704365 -0.49510086 -0.7598347 ]
[ 0.8128123   0.9057901  -0.16769603]
[ 0.45079735 -0.7569793  -0.26616547]
[0.6536209  0.39651534 0.87166953]
[ 0.8004748  -0.33858675 -0.23296086]
[0.75501204 0.1588028  0.7931399 ]
[0.8450891  0.12858196 0.38989243]
[0.8475583  0.26898396 0.20089762]
[1.         0.02491583 0.29415444]
[0.87012595 0.15063712 0.32808137]
[ 1.         -0.16815573  0.60878634]
[0.9952973  0.1247866  0.43825334]
[0.94785416 0.09400611 0.5543274 ]
[0.6289093  0.07987878 0.5418827 ]
[ 0.3008273 -0.1384266  0.9031999]
[0.02433967 0.13276014 0.15101342]
[-0.04280621 -0.3032809   0.6124236 ]
[-0.23426674 -0.16988863  0.44532102]
[-0.17370667 -0.5796169   0.9838059 ]
[-0.13768795 -0.18967421  0.8526641 ]
[-0.29687482  0.07930187  0.8903845 ]
[0.02457133 0.02220019 1.        ]
[0.09421039 0.03200288 0.92454475]
[-0.10900937  0.087178    1.        ]
[0.49431965 0.09389623 1.        ]
[0.25233498 0.40496418 0.8895845 ]
[ 0.48280746 -0.33545923  0.75170195]
[ 0.47392392 -0.8366445  -0.87231   ]
[-0.1859737  -0.7913098  -0.60400987]
[-0.1228177   0.34441125  0.09037368]
[-0.48217702  0.7274462   0.7125396 ]
[-0.15567847  0.77545744  0.78180575]
[-0.12674294  0.90476006  0.8127678 ]
[-0.53713226  0.03493567  0.675763  ]
[0.6953217  0.11292999 0.66117215]
[-0.38131997 -0.6014986   0.2524517 ]
[ 0.40785882 -0.2030593   0.21308921]
[-0.2631962  -0.49935678  0.27457058]
[ 0.59036624  0.05933393 -0.06347104]
[-0.44048455 -0.49018374  0.08237856]
[0.28078493 0.20409311 0.36282676]
[-0.5296647  0.091415   0.385546 ]
[0.05906184 0.43389243 0.44305995]
[-0.12714663  0.2265216   0.21385261]
[ 0.0514296   0.31953564 -0.1088339 ]
[-0.43795374 -0.19988963 -0.60355496]
[ 0.65108806  0.717276   -0.10606423]
[-0.82827073  0.13876249  0.10943774]
[0.24226868 0.30812475 0.24462691]
[-0.4001373  -0.3068773  -0.19442306]
[0.5755641  0.68223333 0.3646698 ]
[-0.90100735 -0.5136574   0.1841337 ]
[ 0.5992543   0.29272136 -0.18662712]
[-0.5370185  -0.01704834 -0.5820032 ]
[ 0.19610941  0.5519243  -0.6858191 ]
[-0.8969551   0.82428163 -0.68125296]
[-0.15987246  0.3164245   0.42734504]
[-0.22757472  0.04116257 -0.24384771]
[-0.1231986   0.00795621 -0.39936262]
[0.5613062  0.3057659  0.70518744]
[-0.32174492 -0.378211   -1.        ]
[-0.3017352  -0.74712247 -1.        ]
[ 0.3237784  -0.54369736 -0.88866717]
[ 0.57231593 -0.9963116  -1.        ]
[-0.06029223  0.2847572  -0.91581726]
[ 0.16654849 -1.         -1.        ]
[ 0.15827018 -0.9994615  -0.972728  ]
[ 0.2567334  -0.77504724 -1.        ]
[ 0.7120158 -0.8005818 -1.       ]
[ 0.58038306 -1.         -1.        ]
[ 0.4989157 -0.9969007 -0.8653491]
[ 0.8021174  -0.98010015 -0.8383752 ]
[ 0.5461684 -1.        -0.5191219]
[ 0.41331002 -0.9722301  -0.95645565]
[ 0.4302823 -0.9191945 -0.8616602]
[ 0.624179 -1.       -1.      ]
[ 0.6651845  -0.46015245 -1.        ]
[ 0.4913651   0.03463741 -0.8928468 ]
[ 0.3840699   0.23311299 -0.9146198 ]
[ 0.20247509  0.02625965 -0.8502243 ]
[-0.37734392  0.57652336 -0.3127369 ]
[-0.8476553   0.26658067 -0.02808856]
[-0.91837835  1.          0.4552623 ]
[-0.44026202  0.53191525 -0.8069691 ]
[ 0.18704197  0.8981445  -0.7163688 ]
[ 0.3771965  0.8738294 -0.9668805]
[-0.10755051  0.09870837 -0.9984821 ]
[ 0.5978671  0.874763  -0.6234641]
[ 0.5282185   0.86411107 -0.6117246 ]
[ 0.52803665  0.53638893 -0.11483587]
[ 0.3105836  -0.62009084 -0.0182981 ]
[ 1.         -0.02634126  0.54689807]
[0.783799   0.28220573 0.11366614]
[ 0.7802769  -0.0382835   0.34147486]
[0.78607965 0.32083014 0.6246788 ]
[0.7097119  0.2861637  0.32556003]
[ 0.82920676 -0.1316446   0.17048688]
[0.731497   0.08998075 0.3964714 ]
[0.7549598 0.3444659 0.1620824]
[ 0.6019241  -0.20975846  0.3290625 ]
[0.66241646 0.21237566 0.09243493]
[ 0.5257515 -0.0709669  0.5729884]
[0.1891992 0.2166725 0.6140434]
[-0.11706927 -0.06986988  0.7526535 ]
[-0.19311054  0.17406617  0.3102392 ]
[-0.14637859 -0.22838782  0.73272544]
[ 0.01766337 -0.06543127  0.7996016 ]
[ 0.14514133 -0.12864082  1.        ]
[-0.16948943 -0.00951438  0.8012098 ]
[-0.25934213  0.30777127  0.90428084]
[1.5905346e-03 3.1846351e-04 8.4403080e-01]
[-0.0273327  -0.66196924  1.        ]
[-0.23461854 -0.394289    0.9294699 ]
[-0.11083026  0.2092672   1.        ]
[0.73914385 0.7163915  0.8795919 ]
[ 0.29744047 -1.          1.        ]
[-0.16356875 -0.6794687  -0.9692573 ]
[-0.05869646 -0.09425308 -0.35056987]
[0.20375326 0.45524928 0.3206836 ]
[-0.7793362   0.59277326  1.        ]
[0.24985111 0.70095646 0.8654791 ]
[-0.39336815  0.26569882  0.78164095]
[0.1291579  0.42028883 1.        ]
[-0.14543515 -0.11717996  0.9914708 ]
[0.1515515  0.18813224 1.        ]
[-0.42814994  0.01812405  0.87612176]
[0.24292795 0.58407    0.7362169 ]
[-0.21633112 -0.6827023   0.88828707]
[0.41082913 0.7419949  0.752352  ]
[-0.5050113  -0.75593805  0.9952786 ]
[0.5982079 0.7211734 1.       ]
[-0.29975075 -0.5721746   1.        ]
[0.48212045 0.54149157 0.98734313]
[-0.16584255 -0.5508336   0.9537849 ]
[-0.18566899 -0.10866616  1.        ]
[ 0.02081644 -0.06791234  1.        ]
[ 0.05651876 -0.12583971  0.8281325 ]
[-0.06399634 -0.11574133  0.8614599 ]
[-0.02124011  0.01508524  1.        ]
[ 0.06791767 -0.14275725  0.63876396]
[-0.20729868 -0.1624024  -0.00940914]
[ 0.47796476  0.3594743  -0.47889003]
[-0.85669625 -0.16564608 -0.54940623]
[ 0.84169775  0.49520418 -0.5666135 ]
[-0.60029167  1.          0.05599655]
[0.08854709 1.         0.35979164]
[-0.30273494  1.         -1.        ]
[-0.05104451  0.79719293 -0.7207839 ]
[-0.2179784  0.732466  -0.6686753]
[-0.3057983   0.45468637 -0.7785834 ]
[ 0.40780708 -1.         -1.        ]
[ 0.5431736 -1.        -1.       ]
[-0.12235429 -1.         -1.        ]
[-0.4708428   0.07068637 -0.9215182 ]
[-0.13203609 -0.7547331  -0.8976813 ]
[ 0.25646073 -0.7548527  -0.92931175]
[ 0.4255848 -0.7697325 -0.936718 ]
[ 0.53235227 -0.6877387  -0.89173746]
[ 0.99555826 -0.8873542  -1.        ]
[ 0.8910352 -1.        -1.       ]
[ 0.7940651  -0.91633135 -1.        ]
[ 0.8075746 -0.796264  -0.7894646]
[ 0.45162508 -0.6818539  -0.93633085]
[ 0.7944524  -0.07829558 -1.        ]
[ 0.28285187 -0.03842108 -0.9291235 ]
[ 0.9149841 -0.3890262 -1.       ]
[-0.24270596  0.6651172  -1.        ]
[-0.25270247  0.58274114 -1.        ]
[-0.88904905  0.13970411 -0.21716031]
[-0.9934738   0.14512396  0.8262404 ]
[-0.67326796  0.76165515 -0.7597616 ]
[-0.14792946  0.6476915  -0.992027  ]
[ 0.07145108  0.24732617 -0.6680952 ]
[ 0.40765217  0.22780181 -0.6519003 ]
[ 0.58001965  0.46567082 -0.68662745]
[ 0.87800574  0.6125145  -0.42582494]
[0.7442899  0.5053282  0.48023388]
[0.9979138  0.43394634 0.4155919 ]
[1.         0.46912315 0.42262322]
[0.87699354 0.6487078  0.70775694]
[0.9075715  0.66923213 0.6216257 ]
[0.9090894  0.02643934 0.02963713]
[ 1.         -0.24257667  0.19385956]
[ 0.8660254  -0.0219017   0.66134244]
[ 1.         -0.13728699  0.34608078]
[ 0.9229932  -0.16639106  0.3975846 ]
[ 0.7753579  -0.08162786  0.17494607]
[ 0.58517647 -0.02999242  0.24812299]
[0.41188592 0.12503444 0.11531647]
[ 0.21099828 -0.05782212  0.38167202]
[ 0.02281675 -0.15574877  0.22722144]
[-0.06705257  0.06593681  0.27956   ]
[-0.33806583 -0.04453155  0.18957597]
[ 0.05326342 -0.15426017  0.33706746]
[-0.12311623  0.41435856  0.21873496]
[-0.12229529 -0.2737887   0.09234945]
[-0.17996418  0.03538014 -0.07324636]
[0.24367303 0.3757931  0.5371858 ]
[ 0.19725075 -0.1559266   0.6558622 ]
[ 0.37115917 -0.05678377  0.72356665]
[0.27658367 0.08073862 0.78352076]
[ 0.0139902  -0.08224566  1.        ]
[ 0.39804536 -0.02341676  1.        ]
[-0.16085032 -0.548998    0.6715886 ]
[0.0902495  0.23187006 0.39645126]
[-0.2977226  0.8472412  0.8096824]
[-0.446141    0.22701812  1.        ]
[-0.11833789  0.25544742  1.        ]
[-0.28287697 -0.23406993  0.9480928 ]
[0.11574947 0.4583556  0.96275014]
[ 0.11403039 -0.68861     0.75713533]
[-0.22638355  0.24885784  0.6675959 ]
[-0.00148318  0.00828875  0.77401716]
[-0.07894553  0.06068346  0.5772197 ]
[-0.36089954 -0.09899464  0.71337456]
[0.18881342 0.56976146 0.3185504 ]
[-0.23684755 -0.53198314  0.6729887 ]
[-0.2578227   0.69138384  0.22585484]
[-0.02202465 -0.11203318  0.54582506]
[-0.23904121 -0.00562924  0.46351436]
[0.12262009 0.54384154 0.11504295]
[-0.21200958 -0.30525106  0.28665993]
[-0.12343432  0.49587727 -0.08091606]
[-0.1505126   0.20974085 -0.09255143]
[ 0.0525038   0.04324127 -0.42099136]
[ 0.02899832 -0.1284981  -0.4747312 ]
[ 0.1413584  0.4905705 -0.7885446]
[-0.53501606  0.8557803  -0.8928145 ]
[-0.17247947  0.9652934  -0.84738207]
[ 0.28266412 -0.9928033  -1.        ]
[ 0.7366362  -0.19273356 -1.        ]
[ 0.7265541  -0.621955    0.74659526]
[-0.32682568  0.10441928 -0.97227263]
[-0.79706824 -1.          0.9823679 ]
[ 0.6563427   0.15184584 -0.99996   ]
[-0.9790776 -1.        -0.8251169]
[-0.26051947 -0.66656    -0.97603905]
[-0.20841996 -0.1902148  -1.        ]
[-0.03890472 -0.0030545  -0.9386095 ]
[ 0.06746248 -0.49045792 -1.        ]
[ 0.42667523 -0.6827282  -0.97024494]
[ 0.63379604 -1.         -0.98778564]
[ 0.69956166 -0.8925123  -0.84178287]
[ 0.5846237 -0.982151  -0.7371072]
[ 0.9729402 -0.8582429 -0.9605369]
[ 0.48725086 -1.         -0.9674133 ]
[ 0.6374659  -0.90464115 -0.95038253]
[ 0.6523794 -0.6233507 -1.       ]
[ 0.5927819 -0.694962  -0.9338855]
[ 0.46676505 -0.14534394 -1.        ]
[ 0.28426498  0.05746649 -0.7815549 ]
[ 0.45458063  0.07208098 -0.77322185]
[ 0.15772943  0.44561857 -0.8230094 ]
[-0.17937535  0.48627827 -0.9224954 ]
[-0.601167    0.33709195 -0.5987576 ]
[-1.          0.2796022  -0.36782146]
[-1.         0.7228222  0.6467185]
[-0.86784977  0.45550653  1.        ]
[0.4353976  0.20693924 0.4374478 ]
[0.82326174 0.58535004 0.7127126 ]
[ 0.9478143 -0.4103055  0.5659748]
[0.92301536 0.31744933 0.88037527]
[0.96875083 0.51307786 0.9301921 ]
[0.9044214  0.36827493 0.9016888 ]
[0.823946   0.31035027 0.82828647]
[1.         0.751329   0.77224857]
[0.53846425 0.6248934  0.45315796]
[0.5503891  0.32676443 0.35461715]
[ 0.5329566  -0.02803829  0.3755627 ]
[0.7049656  0.13353242 0.2541566 ]
[0.6365261 0.0073501 0.9343771]
[ 0.50099576 -0.10904817  1.        ]
[ 0.5165502  -0.02077601  1.        ]
[0.71072155 0.20376493 1.        ]
[ 0.6055959  -0.02781495  1.        ]
[0.46955547 0.05265734 0.8644186 ]
[ 0.17847931 -0.30142176  0.9944101 ]
[ 0.28572872 -0.20288965  1.        ]
[ 0.39034456 -0.28980112  0.7951323 ]
[ 0.6678456  -0.38020292 -0.88403016]
[ 0.72918034  0.98866886 -0.03760951]
[0.42178565 1.         0.5376313 ]
[-0.05136976  0.8572904   0.93563193]
[-0.5393498  0.85968    1.       ]
[-0.44690365 -0.3621248   0.89956576]
[0.2330604  0.37005356 1.        ]
[-0.2907458  -0.76359576  0.90298575]
[0.8350878  0.19270493 1.        ]
[-0.04244705 -0.8243067   0.99656236]
[ 0.17901273 -0.26283514  0.8712569 ]
[0.17961267 0.0199843  0.6523536 ]
[ 0.1055996  -0.367723    0.43297789]
[-0.18284878 -0.7213436   0.13103768]
[0.28644788 0.0603669  0.15308453]
[-0.2958044  -0.51327115  0.25536472]
[0.3688178  0.19760124 0.43658495]
[-0.33671662 -0.33262032  0.33300436]
[-0.2093789   0.62978804  0.5044589 ]
[0.17548352 0.1806449  0.35806248]
[-0.38507822 -0.21157408  0.08486278]
[0.3274709  0.5047919  0.02937488]
[-0.449472   -0.08835981 -0.16745894]
[ 0.06262949  0.45346415 -0.21243262]
[ 0.14076579  0.3884146  -0.24313088]
[-0.8106086   0.03041337  0.00309252]
[0.8200149 0.7254763 0.5293088]
[-0.78002584 -0.07617094  0.33802336]
[ 0.22220281 -0.05401482  0.22547962]
[-0.51114213  0.5282375  -0.32114837]
[ 0.00637494  0.14223705 -0.05507446]
[-0.97840095  0.7167183   1.        ]
[-1.         -1.          0.94256926]
[ 1. -1.  1.]
[ 0.31362298 -0.693391    1.        ]
[0.34299728 0.09856275 1.        ]
[ 0.8380743  -0.5238704  -0.36155316]
[ 0.03349909  0.6423907  -0.96696746]
[-0.93607295  0.31723332  1.        ]
[ 0.21038198 -0.2269742   0.7910504 ]
[ 0.44236705  0.9474411  -0.64555573]
[-0.07967957  0.26674235  0.7224533 ]
[ 0.29624835 -0.01658307 -0.8564712 ]
[ 0.09391902 -0.07871848 -0.5004198 ]
[ 0.23576064  0.75504416 -0.06721615]
[-0.07346538 -0.9101558  -0.1478885 ]
[ 0.6377883   1.         -0.46946162]
[ 0.26892018 -1.         -0.1414487 ]
[ 0.76056206  1.         -0.24171998]
[ 0.55646086 -0.01541247  0.5708905 ]
[0.6545922  1.         0.15568094]
[ 0.9752216  -1.          0.90294546]
[ 0.88197017  0.9588653  -0.32781863]
[ 1.        -0.8173641  0.2001224]
[1.         1.         0.13429771]
[ 0.62701595 -1.         -0.24092704]
[1.         1.         0.14773285]
[ 0.58527994 -0.6159924   0.05431153]
[0.70495844 0.91418463 0.16020386]
[ 0.9041087 -0.9401853  0.9240465]
[0.8656479 1.        0.9736537]
[ 1.         -0.95068765  1.        ]
[1. 1. 1.]
[ 0.8972794 -0.934219   1.       ]
[0.9095344 0.8824464 0.9098091]
[1.        0.3798106 0.87509  ]
[ 1. -1.  1.]
[0.9185537  0.86689144 0.8364017 ]
[ 1.         -0.85646904  0.9052371 ]
[0.8273436 0.8340602 1.       ]
[ 0.6453156  -0.88614225  1.        ]
[0.45518598 0.9269916  0.8628107 ]
[-0.04320775  0.6724351   0.9413034 ]
[0.10796544 1.         0.9422487 ]
[0.7748368  0.8977401  0.86311454]
[0.71990186 0.8413814  1.        ]
[0.834577   0.61070114 0.8470631 ]
[0.82521534 0.513255   1.        ]
[ 0.59365624 -0.04727127  1.        ]
[0.24730118 0.09328294 0.9174959 ]
[-0.8991057  -0.37519348  0.9333422 ]
[-0.3524733   0.86803097  0.99958545]
[-0.7302992   0.63678586  1.        ]
[-0.9070862   0.21756433  0.9487874 ]
[-0.90997875  0.8200848   0.9676827 ]
[-0.92512256  0.85155815  1.        ]
[-0.96949804  0.7957481   0.9277518 ]
[-0.49989527  0.77540416  0.88686675]
[ 0.17516728  0.04197711 -1.        ]
[ 0.20132507 -0.9213624  -1.        ]
[ 0.40830663 -0.0183494  -1.        ]
[ 0.56020963 -0.80830944 -1.        ]
[ 0.50386727 -0.6299887  -0.9875177 ]
[ 0.2858744  -0.57883775 -1.        ]
[ 0.70451856 -0.89356726 -1.        ]
[ 0.363398   -0.85835785 -0.96815866]
[ 0.28677824 -0.25877467 -1.        ]
[0.25043848 0.01245175 0.11969161]
[ 0.8345603  -0.566453   -0.49589586]
[ 0.54603237 -0.773105   -0.91423744]
[ 0.7385593 -1.        -1.       ]
[ 0.6156505  -0.86873984 -1.        ]
[ 0.63820195 -1.         -0.9912133 ]
[ 0.6441877 -0.9554266 -1.       ]
[ 0.50634086 -1.         -1.        ]
[ 0.7128452  -0.83256173 -1.        ]
[ 0.69504535 -0.60065955 -0.9675577 ]
[ 0.6374584  -0.52435297 -1.        ]
[ 0.61042637  0.05234827 -0.9532519 ]
[ 0.3432334   0.06464344 -1.        ]
[ 0.23459238  0.13057278 -1.        ]
[-0.00774733  0.32282874 -0.7354669 ]
[-0.13785832  0.47395357 -0.26810843]
[-0.6606282   0.28821117 -0.25158602]
[-0.96700305 -0.7316347   0.75751597]
[-0.68966913  0.6629769  -0.3909625 ]
[0.31430566 0.48079365 0.26880488]
[-0.15325406  0.24772137  0.1725615 ]
[-0.16857976  0.23240548  0.5334005 ]
[-0.34008032  0.23906651  0.32682344]
[0.6854507  0.54531795 0.74797344]
[0.9863701 0.5793756 0.6691658]
[0.8653146  0.91302675 1.        ]
[0.62506413 1.         0.44814363]
[ 0.5790536   0.9026595  -0.45048842]
[ 0.18611516  0.6098856  -0.13901506]
[ 0.01687039 -0.08633493  0.21761063]
[-0.11991172  0.21580271  0.7667061 ]
[ 0.2559447 -0.1849603  1.       ]
[ 0.36496434 -0.19860119  1.        ]
[ 0.33020696 -0.54862535  0.96568704]
[ 0.45124775 -0.03781334  1.        ]
[ 0.4928262  -0.15950392  1.        ]
[0.353963   0.16886461 0.95710623]
[0.6145462 0.1797756 1.       ]
[0.42819226 0.20211603 0.9764625 ]
[ 0.37733537 -0.21199417  0.9397578 ]
[ 0.28485036 -0.45720467  0.8616449 ]
[ 0.36762816 -0.51611394 -0.08570843]
[ 0.6886074 -0.6663892 -1.       ]
[-0.00988902  1.         -0.4923003 ]
[ 0.8496254   1.         -0.12107708]
[0.21468192 0.95703036 0.71733147]
[-0.21151362  0.8979273   0.97429264]
[0.14523478 0.8273256  0.9670043 ]
[-0.14022359 -0.57391655  1.        ]
[ 0.17435582 -0.10095106  0.98484343]
[-0.07795396 -0.39930695  0.96215624]
[-0.13330238 -0.22836055  1.        ]
[ 0.17201088 -0.19933014  0.79483855]
[ 0.01137421 -0.31161448  0.71449304]
[ 0.03156782 -0.82828     0.6227128 ]
[-0.1708959 -0.8444452  0.5548994]
[-0.34181884 -0.6021301   0.67015564]
[0.18470928 0.05643012 0.8393218 ]
[0.05813567 0.07363266 0.82416135]
[-0.10959     0.15962642  0.6230994 ]
[0.11347323 0.5606099  0.37816873]
[ 0.20143655  0.5303275  -0.10694198]
[ 0.1576953  -0.02634154  0.16990994]
[0.00704501 0.12903054 0.04090134]
[ 0.08880522  0.3793069  -0.11094618]
[0.06939787 0.25644222 0.33250353]
[-0.11287565  0.69335896  0.28927281]
[-0.21260326  0.41399822  0.5310465 ]
[-0.9558613  1.        -0.9388051]
[-1.         1.         0.2037762]
[-0.9641996   1.         -0.36039308]
[-1.          0.82658035 -0.51290107]
[-0.65096706  0.96387553 -0.9914245 ]
[-0.06106872  0.9774411  -1.        ]
[-0.32858828 -0.9723074  -1.        ]
[ 0.984257  -1.        -0.9172671]
[ 0.78355116 -1.         -1.        ]
[ 0.23278761 -0.88402385 -1.        ]
[ 0.18027139 -1.         -0.9731377 ]
[ 0.6164549  -0.94845986 -0.9125936 ]
[ 0.7395172 -1.        -1.       ]
[ 1.         -0.94104254 -0.994281  ]
[ 0.48834246 -0.98203546 -0.8727623 ]
[ 0.50591236 -1.         -0.94995123]
[ 0.7674523  -1.         -0.82269835]
[ 0.789586   -1.         -0.99439734]
[ 0.8898866 -1.        -1.       ]
[ 0.8201064 -1.        -1.       ]
[ 1. -1. -1.]
[ 0.4468066  -0.93566084 -0.8376985 ]
[ 0.8237135 -0.7394326 -0.9834003]
[-0.25985762  0.8261628  -0.68327916]
[-0.79585737  0.70935047 -0.73930955]
[-0.52207196  0.91947216 -0.7616218 ]
[-0.44480693  0.87828296 -0.9906635 ]
[-0.3907049  0.9847016 -0.7843469]
[-0.31014422  0.82387173 -0.8567554 ]
[-0.7716325  0.3444592 -0.9366062]
[-0.43608811  0.67545635 -1.        ]
[-0.36264375  0.6735597  -0.9358917 ]
[-0.10329981  0.9273675  -1.        ]
[-0.13136871  0.38987842 -0.8648302 ]
[-0.16601586 -0.11186639 -0.76311165]
[ 0.38811183 -0.1837991  -0.393118  ]
[ 0.4136153  -0.1711086   0.53289074]
[0.43368727 0.08981747 0.67826664]
[-0.04871082 -0.48858896  0.3481781 ]
[0.44849566 0.19489719 0.00879628]
[0.6567544  0.03473086 0.28451386]
[0.6023223  0.27846372 0.25400054]
[0.80659664 0.39510414 0.372583  ]
[0.6043662  0.10688113 0.9206226 ]
[ 0.5705532 -0.0384386  0.5866608]
[0.389449   0.07688842 0.8624921 ]
[ 0.3017371  -0.16867532  1.        ]
[ 0.3003146  -0.17070206  0.5264981 ]
[ 0.29544324 -0.08819032  0.6018617 ]
[-0.0281504  -0.14130786  0.95080996]
[-0.04803678  0.2069179   0.9788034 ]
[-0.13798025 -0.22555858  0.94322103]
[-0.30500534 -0.03814248  1.        ]
[ 0.04772994 -0.16788277  0.78381383]
[-0.13253333  0.03016246  0.99022716]
[0.23759304 0.07507402 1.        ]
[0.30719382 0.10477653 1.        ]
[ 0.38438162 -0.6172077   0.3668409 ]
[ 0.34018213 -0.76163894 -0.97876996]
[ 0.35437703 -0.8545278  -0.9204513 ]
[ 0.11731115  0.08651135 -0.490391  ]
[ 0.12964332  1.         -0.58356965]
[0.24005505 1.         0.00829021]
[0.43773183 0.9600123  0.37319875]
[-0.00403921  0.8296947   0.8325938 ]
[-0.06687958  0.41282675  0.817103  ]
[ 0.00619823 -0.64896405  0.9019186 ]
[ 0.06572413 -0.01408352  0.5355738 ]
[-0.09492642 -0.37428898  0.38530657]
[-0.0313143  -0.53189844  0.31349224]
[ 0.04454136 -0.7405666   0.6692343 ]
[ 0.06245919 -0.30361187  0.41695294]
[ 0.16193706 -0.4501135   0.6364508 ]
[-0.08252905 -0.29496664  0.5722049 ]
[-0.17612997  0.36759573  0.55444515]
[0.02265363 0.43806556 0.6575283 ]
[-0.11727358  0.43082336  0.70221454]
[0.19022337 0.30271834 0.6924523 ]
[4.505751e-04 7.493511e-02 7.629947e-01]
[0.1688302  0.07009747 0.8490482 ]
[ 0.06422977 -0.02164988  0.764788  ]
[-0.00787096 -0.04949909  0.63764733]
[-0.26203492  0.08329514  0.7844    ]
[-0.17425744  0.12426843  0.86244684]
[-0.3312417   0.47449654  0.6553409 ]
[-0.14020762  0.3378167   0.51549697]
[-0.15618436  0.5901257  -0.14129503]
[-0.11068095  0.67267364 -0.72656626]
[-0.0066777   0.6507613   0.07331969]
[-0.17261823 -0.03780064  0.33595055]
[ 0.15552835  0.70776963 -0.04630868]
[-0.84524095  0.9341628   0.9650974 ]
[-0.9810748  -0.2508931  -0.34647003]
[-0.42477366  0.32471627  0.33970207]
[ 0.01649415  0.10188859 -0.9908799 ]
[-0.1368126   0.15190929 -0.8443537 ]
[ 0.0769059   0.15203889 -0.91507983]
[-0.02504765  0.33693096 -0.99063176]
[ 0.6557921   0.73485583 -0.8491625 ]
[ 0.8914202 -0.547904  -1.       ]
[ 0.5563656 -0.965022  -1.       ]
[ 0.16720642 -0.7595659  -1.        ]
[ 0.43340153 -0.8687658  -0.9033035 ]
[ 0.4268617  -0.88554484 -0.9237997 ]
[ 0.4591306 -0.8975598 -0.9162494]
[ 0.7178091 -1.        -1.       ]
[ 0.67183584 -0.8966479  -0.918334  ]
[ 0.8134331  -1.         -0.91339874]
[ 0.8411926  -0.93069667 -0.79291004]
[ 0.8223724 -0.957163  -1.       ]
[ 0.8335726  -0.9359242  -0.94564366]
[ 0.78573924 -0.6388766  -0.8739129 ]
[ 0.5388411  0.5612461 -0.7767099]
[-0.36614466  0.6899727  -1.        ]
[-0.7416621   0.39812857 -0.8511564 ]
[-0.52243227  0.9702488  -0.7305404 ]
[-0.64998597  0.93103266 -0.8456401 ]
[-0.74607  1.      -1.     ]
[-0.91785645  0.5128233  -0.98494864]
[-0.84636575  1.         -0.9100461 ]
[-0.43154064  0.93675256 -1.        ]
[ 0.42691514  1.         -0.8673657 ]
[-0.4309646   0.37467712 -0.9503351 ]
[-0.22259046 -0.09670854 -0.7413316 ]
[ 0.36726105  0.0354892  -0.9619114 ]
[ 0.04013898 -0.4873344  -0.9074891 ]
[ 0.5988092  -0.04631596 -0.54869676]
[ 0.6458284  -0.78317815  0.23321693]
[0.5237162  0.08717135 0.54835314]
[-0.17046203 -0.09640593  0.75926095]
[0.01709817 0.13758408 0.60747814]
[0.18664771 0.44043094 0.51601934]
[0.3097718  0.17952073 0.3357457 ]
[0.19467181 0.19434217 0.27303693]
[0.43394542 0.24393597 0.11672537]
[0.15491842 0.24921525 0.18917312]
[-0.00185209  0.06100754  0.09299434]
[-0.03947275  0.08226649  0.21810257]
[-0.1793753  -0.12171137  0.23509113]
[-0.16235621 -0.0175532   0.02713301]
[-0.08167808 -0.1401134   0.9166576 ]
[0.12635057 0.2482657  0.49038783]
[-0.24189308  0.06976962  0.6591539 ]
[-0.25191557  0.24408044  0.45909333]
[0.1250283  0.11701226 0.8468765 ]
[0.15454121 0.00459761 0.8421427 ]
[-0.2852446   0.02596543  0.921549  ]
[-0.45779887 -0.40225837  0.99448997]
[ 0.08098003 -0.28502604  0.9784744 ]
[-0.10609467 -0.30813968  0.97923344]
[0.04916605 0.1382521  0.9651836 ]
[1.         0.76013774 1.        ]
[ 0.3043141  -0.95482993  0.98288924]
[-0.05639756 -1.         -0.9403665 ]
[ 0.13107376 -0.33031082 -0.3990062 ]
[ 0.28398937 -0.18496522  0.36562064]
[ 0.34581137 -0.3141411   0.8070131 ]
[-0.15918785 -0.21658528  0.97428304]
[-0.339128   -0.27539757  0.9553285 ]
[0.14721876 0.32027102 0.98269796]
[0.14105214 0.24040398 1.        ]
[-0.14584133 -0.3898727   0.8490827 ]
[0.35172114 0.63797235 0.7854031 ]
[-0.61242884 -0.27172372  1.        ]
[0.22848113 0.7462653  0.95535094]
[-0.35517848  0.57898444  0.90488684]
[-0.09047434  0.63271886  0.72305876]
[-0.42817068  0.570258    0.66972035]
[0.12548387 0.559545   0.72276574]
[-0.55168545 -0.79535234  0.8300988 ]
